                                                                                                                                                                                                                                                                                                        
                                                                                                                                                                                                                                                                                                        
                                                                                                                                                                                                                                                                                                        
                                                                                                                                                                                                                                                                                                        
                                                                                                                                                                                                                                                                                                        
                                                                                                                                                                                                                                                                                                        
                                                                                                                                                                                                                                                                                                        
                                                                                                                                                                                                                                                                                                        
                                                                                                                                                                                                                                                                                                        
                                                                                                                                                                                                                                                                                                        
                                                                                                                                                                                                                                                                                                        
                                                                                                                                                                                                                                                                                                        
                                                                                                                                                                                                                                                                                                        
                                                                                                                                       2                                                                                                                                                                
                                                                                                                              3     11111111                                                                                                                                                            
                                                                                                                           1111111111                                                                                                                                                                   
          111111         1         1 2         1      1         1             3                     2          3        111                                                                                                                                                                              
11111111111111111  1  11111111111111111111111111111111  1  11111111111111111111111111111111  1  11111111111111111111111111111111  1  11111111111111111111111111111111  1  11111111111111111111111111111111  1  11111111111111111111111111111111  1  11111111111111111111111111111111  1  111111111111111
11111111111111111  1  11111111111111111111111111111111  1  11111111111111111111111111111111     11111111111111111111111111111111  1  11111111111111111111111111111111  1  11111111111111111111111111111111  1  11111111111111111111111111111111  1  11111111111111111111111111111111  1  111111111111111