                                                                                             
                                                                                             
                                                                                             
                                                                                             
                                                                                             
                                                                                             
                                                                                             
                                                                                             
                                                                                             
                                                                                             
                                                                                             
                                                                                             
                                                                                             
                               2        3                                                    
                       1111111111111111111111                                                
                 1111111                                                                     
         2     111                                     2                      3              
1111111111111111111111111111111111111111111111111111111111111111111111   11111111111111111111
1111111111111111111111111111111111111111111111111111111111111111111111   11111111111111111111